<?xml version="1.0"?>
<opencv_storage>
<TrainingData type_id="opencv-matrix">
  <rows>135</rows>
  <cols>65</cols>
  <dt>f</dt>
  <data>
    5.00000000e-001 6.11111104e-001 7.77777791e-001 7.77777791e-001
    7.77777791e-001 7.77777791e-001 7.77777791e-001 7.77777791e-001
    7.22222209e-001 6.66666687e-001 6.66666687e-001 8.33333313e-001 1.
    1. 1. 1. 9.44444478e-001 7.77777791e-001 3.33333343e-001
    3.33333343e-001 0. 40. 253. 136. 255. 3. 11. 255. 136. 255. 0. 69.
    255. 255. 108. 205. 255. 234. 83. 255. 108. 108. 24. 40. 115. 0. 0.
    0. 0. 0. 0. 0. 0. 0. 0. 0. 0. 0. 0. 0. 0. 0. 0. 0. 0. 0.
    1.53846160e-001 6.92307711e-001 7.69230783e-001 9.23076987e-001
    7.69230783e-001 1. 9.23076987e-001 8.46153855e-001 9.23076987e-001
    6.92307711e-001 9.23076987e-001 8.46153855e-001 9.23076987e-001
    8.46153855e-001 8.46153855e-001 7.69230783e-001 8.46153855e-001
    6.15384638e-001 1.53846160e-001 52. 0. 0. 116. 0. 40. 130. 165. 114.
    0. 25. 69. 199. 40. 0. 78. 255. 0. 111. 0. 104. 0. 0. 243. 0. 0. 0.
    0. 0. 0. 0. 0. 0. 0. 0. 0. 0. 0. 0. 0. 0. 0. 0. 0. 0.
    5.00000000e-001 7.77777791e-001 9.44444478e-001 1. 7.77777791e-001
    8.33333313e-001 8.33333313e-001 1. 9.44444478e-001 6.66666687e-001
    6.66666687e-001 1. 8.88888896e-001 8.33333313e-001 8.88888896e-001
    8.88888896e-001 8.33333313e-001 7.22222209e-001 6.66666687e-001
    6.66666687e-001 184. 0. 220. 98. 251. 52. 0. 233. 136. 225. 0. 69.
    255. 255. 12. 255. 109. 192. 40. 217. 78. 0. 192. 40. 153. 0. 0. 0.
    0. 0. 0. 0. 0. 0. 0. 0. 0. 0. 0. 0. 0. 0. 0. 0. 0. 2.10526317e-001
    6.31578922e-001 7.36842096e-001 8.94736826e-001 7.36842096e-001
    7.36842096e-001 7.36842096e-001 6.31578922e-001 6.84210539e-001
    6.84210539e-001 7.36842096e-001 7.36842096e-001 1. 1.
    8.94736826e-001 8.94736826e-001 8.94736826e-001 8.94736826e-001
    7.36842096e-001 5.26315808e-001 239. 0. 220. 18. 247. 0. 58. 255.
    226. 255. 0. 22. 255. 237. 146. 247. 255. 212. 178. 255. 243. 108.
    192. 23. 148. 0. 0. 0. 0. 0. 0. 0. 0. 0. 0. 0. 0. 0. 0. 0. 0. 0. 0.
    0. 0. 1.50000006e-001 6.99999988e-001 8.50000024e-001
    7.50000000e-001 7.50000000e-001 7.50000000e-001 7.50000000e-001
    8.00000012e-001 8.00000012e-001 6.99999988e-001 6.99999988e-001
    6.99999988e-001 8.00000012e-001 1. 1. 9.00000036e-001
    9.00000036e-001 9.00000036e-001 9.00000036e-001 6.99999988e-001 132.
    85. 220. 78. 247. 0. 177. 255. 226. 255. 0. 88. 255. 255. 255. 172.
    255. 245. 242. 255. 244. 247. 192. 172. 255. 0. 0. 0. 0. 0. 0. 0. 0.
    0. 0. 0. 0. 0. 0. 0. 0. 0. 0. 0. 0. 0. 1.33333340e-001
    7.33333349e-001 8.66666734e-001 8.66666734e-001 8.00000072e-001
    8.66666734e-001 1. 9.33333397e-001 8.66666734e-001 6.66666687e-001
    8.00000072e-001 8.66666734e-001 9.33333397e-001 9.33333397e-001
    8.66666734e-001 8.66666734e-001 8.66666734e-001 8.66666734e-001
    7.33333349e-001 52. 40. 25. 116. 0. 0. 160. 183. 132. 108. 25. 88.
    211. 27. 27. 78. 245. 0. 228. 108. 126. 88. 32. 148. 62. 0. 0. 0. 0.
    0. 0. 0. 0. 0. 0. 0. 0. 0. 0. 0. 0. 0. 0. 0. 0. 4.11764711e-001
    6.47058845e-001 8.23529422e-001 8.23529422e-001 8.23529422e-001
    8.23529422e-001 7.05882370e-001 7.05882370e-001 7.64705896e-001
    7.64705896e-001 6.47058845e-001 8.23529422e-001 9.41176474e-001 1.
    9.41176474e-001 9.41176474e-001 9.41176474e-001 9.41176474e-001
    8.82352948e-001 5.88235319e-001 0. 40. 251. 136. 255. 0. 11. 233.
    136. 255. 0. 0. 255. 255. 110. 166. 255. 212. 40. 255. 240. 154. 62.
    40. 193. 0. 0. 0. 0. 0. 0. 0. 0. 0. 0. 0. 0. 0. 0. 0. 0. 0. 0. 0. 0.
    2.10526317e-001 5.78947365e-001 7.89473712e-001 8.42105269e-001
    7.36842096e-001 7.36842096e-001 6.84210539e-001 8.94736826e-001
    8.42105269e-001 8.42105269e-001 7.36842096e-001 7.36842096e-001
    9.47368443e-001 1. 9.47368443e-001 8.42105269e-001 8.42105269e-001
    8.94736826e-001 7.36842096e-001 4.21052635e-001 127. 0. 190. 18.
    252. 0. 11. 255. 255. 255. 25. 22. 255. 255. 221. 204. 255. 245.
    178. 255. 240. 108. 189. 40. 198. 0. 0. 0. 0. 0. 0. 0. 0. 0. 0. 0.
    0. 0. 0. 0. 0. 0. 0. 0. 0. 1.57894731e-001 5.78947365e-001
    8.42105269e-001 8.94736826e-001 7.89473712e-001 7.89473712e-001
    8.94736826e-001 8.42105269e-001 7.89473712e-001 6.84210539e-001
    6.84210539e-001 8.42105269e-001 1. 1. 9.47368443e-001
    8.94736826e-001 8.94736826e-001 8.94736826e-001 7.36842096e-001
    5.78947365e-001 180. 0. 220. 78. 247. 48. 75. 255. 226. 255. 0. 0.
    255. 255. 255. 248. 255. 212. 178. 255. 182. 14. 228. 40. 255. 0. 0.
    0. 0. 0. 0. 0. 0. 0. 0. 0. 0. 0. 0. 0. 0. 0. 0. 0. 0.
    1.50000006e-001 5.50000012e-001 8.50000024e-001 8.50000024e-001
    9.49999988e-001 7.50000000e-001 7.50000000e-001 1. 8.50000024e-001
    9.49999988e-001 7.50000000e-001 6.50000036e-001 9.00000036e-001
    9.49999988e-001 8.50000024e-001 8.50000024e-001 9.00000036e-001
    9.00000036e-001 8.00000012e-001 7.50000000e-001 175. 15. 253. 18.
    247. 0. 160. 255. 255. 166. 118. 7. 255. 208. 149. 204. 255. 255.
    111. 255. 255. 108. 255. 40. 198. 0. 0. 0. 0. 0. 0. 0. 0. 0. 0. 0.
    0. 0. 0. 0. 0. 0. 0. 0. 0. 4.00000006e-001 8.50000024e-001
    9.00000036e-001 9.00000036e-001 8.00000012e-001 8.00000012e-001
    9.00000036e-001 8.50000024e-001 8.50000024e-001 6.99999988e-001
    6.99999988e-001 7.50000000e-001 9.49999988e-001 1. 1.
    9.49999988e-001 1. 1. 9.49999988e-001 6.99999988e-001 195. 85. 192.
    204. 255. 48. 181. 255. 255. 255. 0. 88. 255. 255. 255. 253. 255.
    245. 255. 255. 243. 230. 255. 255. 255. 0. 0. 0. 0. 0. 0. 0. 0. 0.
    0. 0. 0. 0. 0. 0. 0. 0. 0. 0. 0. 1.50000006e-001 8.00000012e-001
    9.49999988e-001 9.49999988e-001 8.50000024e-001 8.00000012e-001
    8.00000012e-001 9.49999988e-001 9.49999988e-001 9.00000036e-001
    6.99999988e-001 7.50000000e-001 9.00000036e-001 9.49999988e-001
    9.49999988e-001 9.49999988e-001 1. 1. 1. 8.50000024e-001 172. 161.
    253. 136. 247. 0. 244. 255. 255. 255. 25. 117. 255. 255. 255. 204.
    255. 255. 255. 255. 249. 247. 255. 255. 255. 0. 0. 0. 0. 0. 0. 0. 0.
    0. 0. 0. 0. 0. 0. 0. 0. 0. 0. 0. 0. 3.33333343e-001 6.66666687e-001
    7.77777791e-001 7.77777791e-001 7.77777791e-001 7.77777791e-001
    8.33333313e-001 7.77777791e-001 7.22222209e-001 7.77777791e-001
    8.33333313e-001 1. 1. 1. 1. 1. 1. 8.33333313e-001 8.33333313e-001
    6.66666687e-001 68. 0. 192. 136. 252. 45. 11. 233. 226. 255. 0. 103.
    255. 255. 198. 253. 255. 192. 172. 255. 182. 0. 194. 172. 255. 0. 0.
    0. 0. 0. 0. 0. 0. 0. 0. 0. 0. 0. 0. 0. 0. 0. 0. 0. 0.
    1.50000006e-001 5.50000012e-001 1. 1. 9.00000036e-001
    8.00000012e-001 8.00000012e-001 9.49999988e-001 8.50000024e-001
    8.50000024e-001 6.99999988e-001 7.50000000e-001 9.49999988e-001 1.
    1. 9.00000036e-001 8.50000024e-001 8.50000024e-001 6.99999988e-001
    5.00000000e-001 116. 161. 216. 136. 247. 0. 244. 255. 255. 255. 54.
    69. 255. 255. 255. 253. 255. 245. 242. 255. 243. 108. 192. 40. 255.
    0. 0. 0. 0. 0. 0. 0. 0. 0. 0. 0. 0. 0. 0. 0. 0. 0. 0. 0. 0.
    3.49999994e-001 5.50000012e-001 6.50000036e-001 8.00000012e-001
    8.00000012e-001 8.00000012e-001 8.00000012e-001 7.50000000e-001
    6.99999988e-001 7.50000000e-001 8.00000012e-001 8.00000012e-001
    9.49999988e-001 1. 9.49999988e-001 9.00000036e-001 9.00000036e-001
    8.00000012e-001 8.00000012e-001 4.00000006e-001 0. 149. 25. 253.
    251. 0. 244. 208. 255. 255. 0. 202. 255. 255. 255. 253. 255. 121.
    255. 255. 243. 243. 24. 255. 24. 0. 0. 0. 0. 0. 0. 0. 0. 0. 0. 0. 0.
    0. 0. 0. 0. 0. 0. 0. 0. 4.73684222e-001 8.42105269e-001
    8.94736826e-001 8.94736826e-001 7.36842096e-001 7.36842096e-001
    8.42105269e-001 7.89473712e-001 8.42105269e-001 6.84210539e-001
    6.84210539e-001 9.47368443e-001 1. 9.47368443e-001 9.47368443e-001
    1. 1. 8.94736826e-001 7.89473712e-001 6.31578922e-001 127. 31. 255.
    98. 252. 40. 11. 255. 226. 255. 0. 0. 255. 255. 255. 247. 255. 255.
